#T_peak T_lim t_conv R mu_0 mu_1
2.0 0.0 100 0.084 0.0015 0.00069
2.0 0.0 200 0.0425 0.0015 0.0001675
2.0 0.0 300 0.0295 0.0015 0.000073
2.0 0.0 400 0.0225 0.0015 0.00004
2.0 0.0 500 0.0183 0.0015 0.0000251
2.0 0.0 600 0.01575 0.0015 0.00001715
2.0 0.0 700 0.01375 0.0015 0.00001234
2.0 0.0 800 0.01235 0.0015 0.00000925
2.0 0.0 900 0.0113 0.0015 0.00000716
2.0 0.0 1000 0.0105 0.0015 0.00000569
2.0 0.5 100 0.074 0.0015 0.00067
2.0 0.5 200 0.0375 0.0015 0.000162
2.0 0.5 300 0.0258 0.0015 0.0000705
2.0 0.5 400 0.020 0.0015 0.000039
2.0 0.5 500 0.0162 0.0015 0.0000243
2.0 0.5 600 0.0139 0.0015 0.00001657
2.0 0.5 700 0.0124 0.0015 0.00001195
2.0 0.5 800 0.0111 0.0015 0.00000895
2.0 0.5 900 0.01005 0.0015 0.00000692
2.0 0.5 1000 0.0093 0.0015 0.00000548
2.0 1.0 100 0.062 0.0015 0.00065
2.0 1.0 200 0.0315 0.0015 0.0001565
2.0 1.0 300 0.0217 0.0015 0.0000675
2.0 1.0 400 0.017 0.0015 0.0000373
2.0 1.0 500 0.0138 0.0015 0.0000233
2.0 1.0 600 0.012 0.0015 0.00001587
2.0 1.0 700 0.0105 0.0015 0.00001139
2.0 1.0 800 0.0095 0.0015 0.00000852
2.0 1.0 900 0.0086 0.0015 0.00000657
2.0 1.0 1000 0.0081 0.0015 0.00000521
2.0 1.5 100 0.047 0.0015 0.00060
2.0 1.5 200 0.024 0.0015 0.000145
2.0 1.5 300 0.0168 0.0015 0.000063
2.0 1.5 400 0.0130 0.0015 0.0000345
2.0 1.5 500 0.0107 0.0015 0.00002155
2.0 1.5 600 0.0093 0.0015 0.0000146
2.0 1.5 700 0.0082 0.0015 0.00001045
2.0 1.5 800 0.0075 0.0015 0.00000784
2.0 1.5 900 0.00688 0.0015 0.00000603
2.0 1.5 1000 0.00643 0.0015 0.00000476
#2.0 2.0 100 0.0 0.0 0.0
#2.0 2.0 200 0.0 0.0 0.0
#2.0 2.0 300 0.0 0.0 0.0
#2.0 2.0 400 0.0 0.0 0.0
#2.0 2.0 500 0.0 0.0 0.0
#2.0 2.0 600 0.0 0.0 0.0
#2.0 2.0 700 0.0 0.0 0.0
#2.0 2.0 800 0.0 0.0 0.0
#2.0 2.0 900 0.0 0.0 0.0
#2.0 2.0 1000 0.0 0.0 0.0
2.5 0.0 100 0.1195 0.0015 0.00072
2.5 0.0 200 0.061 0.0015 0.000175
2.5 0.0 300 0.0417 0.0015 0.0000763
2.5 0.0 400 0.032 0.0015 0.000042
2.5 0.0 500 0.0262 0.0015 0.00002635
2.5 0.0 600 0.0225 0.0015 0.000018
2.5 0.0 700 0.01975 0.0015 0.00001295
2.5 0.0 800 0.01775 0.0015 0.00000973
2.5 0.0 900 0.01614 0.0015 0.00000753
2.5 0.0 1000 0.01495 0.0015 0.00000598
2.5 0.5 100 0.1085 0.0015 0.00071
2.5 0.5 200 0.0555 0.0015 0.000172
2.5 0.5 300 0.0379 0.0015 0.0000747
2.5 0.5 400 0.02915 0.0015 0.000041
2.5 0.5 500 0.024 0.0015 0.0000258
2.5 0.5 600 0.0205 0.0015 0.00001755
2.5 0.5 700 0.0181 0.0015 0.00001264
2.5 0.5 800 0.0163 0.0015 0.0000095
2.5 0.5 900 0.01487 0.0015 0.00000735
2.5 0.5 1000 0.013725 0.0015 0.00000583
2.5 1.0 100 0.0957 0.0015 0.00069
2.5 1.0 200 0.049 0.0015 0.000167
2.5 1.0 300 0.0337 0.0015 0.0000727
2.5 1.0 400 0.026 0.0015 0.00004
2.5 1.0 500 0.02138 0.0015 0.000025
2.5 1.0 600 0.0184 0.0015 0.00001706
2.5 1.0 700 0.0162 0.0015 0.00001225
2.5 1.0 800 0.01465 0.0015 0.0000092
2.5 1.0 900 0.0134 0.0015 0.000007125
2.5 1.0 1000 0.01242 0.0015 0.000005645
2.5 1.5 100 0.081 0.0015 0.00067
2.5 1.5 200 0.0414 0.0015 0.00016
2.5 1.5 300 0.0288 0.0015 0.00007
2.5 1.5 400 0.0223 0.0015 0.0000384
2.5 1.5 500 0.0184 0.0015 0.000024
2.5 1.5 600 0.0159 0.0015 0.00001635
2.5 1.5 700 0.0141 0.0015 0.00001175
2.5 1.5 800 0.0127 0.0015 0.0000088
2.5 1.5 900 0.01165 0.0015 0.00000679
2.5 1.5 1000 0.01085 0.0015 0.000005387
2.5 2.0 100 0.0625 0.0015 0.00063
2.5 2.0 200 0.0322 0.0015 0.00015
2.5 2.0 300 0.0224 0.0015 0.0000653
2.5 2.0 400 0.01748 0.0015 0.0000358
2.5 2.0 500 0.0146 0.0015 0.0000224
2.5 2.0 600 0.01263 0.0015 0.0000152
2.5 2.0 700 0.01125 0.0015 0.0000109
2.5 2.0 800 0.01025 0.0015 0.00000816
2.5 2.0 900 0.0094 0.0015 0.00000628
2.5 2.0 1000 0.0088 0.0015 0.00000496
3.0 0.0 100 0.155 0.0015 0.00075
3.0 0.0 200 0.0777 0.0015 0.00018
3.0 0.0 300 0.054 0.0015 0.000079
3.0 0.0 400 0.0423 0.0015 0.0000435
3.0 0.0 500 0.0345 0.0015 0.0000274
3.0 0.0 600 0.0295 0.0015 0.00001865
3.0 0.0 700 0.0257 0.0015 0.00001345
3.0 0.0 800 0.023 0.0015 0.00001009
3.0 0.0 900 0.021 0.0015 0.000007825
3.0 0.0 1000 0.0195 0.0015 0.00000622
3.0 0.5 100 0.143 0.0015 0.000735
3.0 0.5 200 0.073 0.0015 0.000178
3.0 0.5 300 0.0502 0.0015 0.0000775
3.0 0.5 400 0.0387 0.0015 0.0000428
3.0 0.5 500 0.0318 0.0015 0.0000269
3.0 0.5 600 0.0272 0.0015 0.0000183
3.0 0.5 700 0.024 0.0015 0.0000132
3.0 0.5 800 0.0216 0.0015 0.00000991
3.0 0.5 900 0.0197 0.0015 0.00000767
3.0 0.5 1000 0.01822 0.0015 0.00000609
3.0 1.0 100 0.13 0.0015 0.000725
3.0 1.0 200 0.067 0.0015 0.000175
3.0 1.0 300 0.04575 0.0015 0.000076
3.0 1.0 400 0.0355 0.0015 0.0000419
3.0 1.0 500 0.029 0.0015 0.0000263
3.0 1.0 600 0.0249 0.0015 0.0000179
3.0 1.0 700 0.022 0.0015 0.0000129
3.0 1.0 800 0.0199 0.0015 0.00000969
3.0 1.0 900 0.0182 0.0015 0.0000075
3.0 1.0 1000 0.0169 0.0015 0.00000595
3.0 1.5 100 0.115 0.0015 0.0007
3.0 1.5 200 0.059 0.0015 0.00017
3.0 1.5 300 0.04075 0.0015 0.0000738
3.0 1.5 400 0.0315 0.0015 0.0000407
3.0 1.5 500 0.026 0.0015 0.0000256
3.0 1.5 600 0.0225 0.0015 0.0000174
3.0 1.5 700 0.02 0.0015 0.00001255
3.0 1.5 800 0.018 0.0015 0.00000939
3.0 1.5 900 0.0165 0.0015 0.000007275
3.0 1.5 1000 0.01525 0.0015 0.00000576
3.0 2.0 100 0.098 0.0015 0.000675
3.0 2.0 200 0.051 0.0015 0.000165
3.0 2.0 300 0.035 0.0015 0.0000715
3.0 2.0 400 0.0272 0.0015 0.0000393
3.0 2.0 500 0.0227 0.0015 0.0000246
3.0 2.0 600 0.019675 0.0015 0.00001675
3.0 2.0 700 0.01725 0.0015 0.000012
3.0 2.0 800 0.01575 0.0015 0.00000902
3.0 2.0 900 0.0144 0.0015 0.00000696
3.0 2.0 1000 0.0134 0.0015 0.00000551
3.5 0.0 100 0.1919 0.0015 0.00077
3.5 0.0 200 0.0976 0.0015 0.000186
3.5 0.0 300 0.0667 0.0015 0.000081
3.5 0.0 400 0.0512 0.0015 0.0000446
3.5 0.0 500 0.0421 0.0015 0.0000281
3.5 0.0 600 0.036 0.0015 0.00001915
3.5 0.0 700 0.0317 0.0015 0.00001382
3.5 0.0 800 0.0285 0.0015 0.0000104
3.5 0.0 900 0.026 0.0015 0.00000806
3.5 0.0 1000 0.024 0.0015 0.0000064
3.5 0.5 100 0.18 0.0015 0.000766
3.5 0.5 200 0.0913 0.0015 0.000183
3.5 0.5 300 0.0625 0.0015 0.0000799
3.5 0.5 400 0.0482 0.0015 0.000044
3.5 0.5 500 0.0396 0.0015 0.0000277
3.5 0.5 600 0.034 0.0015 0.00001892
3.5 0.5 700 0.0299 0.0015 0.0000136
3.5 0.5 800 0.0269 0.0015 0.00001024
3.5 0.5 900 0.02457 0.0015 0.00000793
3.5 0.5 1000 0.0227 0.0015 0.0000063
3.5 1.0 100 0.166 0.0015 0.00075
3.5 1.0 200 0.0846 0.0015 0.0001806
3.5 1.0 300 0.058 0.0015 0.0000785
3.5 1.0 400 0.0449 0.0015 0.0000435
3.5 1.0 500 0.0369 0.0015 0.0000272
3.5 1.0 600 0.03172 0.0015 0.00001858
3.5 1.0 700 0.02795 0.0015 0.0000134
3.5 1.0 800 0.02515 0.0015 0.00001004
3.5 1.0 900 0.023 0.0015 0.00000778
3.5 1.0 1000 0.0213 0.0015 0.00000618
3.5 1.5 100 0.1508 0.0015 0.00073
3.5 1.5 200 0.0773 0.0015 0.000177
3.5 1.5 300 0.053 0.0015 0.0000769
3.5 1.5 400 0.0412 0.0015 0.0000426
3.5 1.5 500 0.034 0.0015 0.0000267
3.5 1.5 600 0.02915 0.0015 0.00001815
3.5 1.5 700 0.0258 0.0015 0.00001309
3.5 1.5 800 0.02325 0.0015 0.00000982
3.5 1.5 900 0.0213 0.0015 0.00000761
3.5 1.5 1000 0.01974 0.0015 0.000006046
3.5 2.0 100 0.134 0.0015 0.00071
3.5 2.0 200 0.0691 0.0015 0.000173
3.5 2.0 300 0.0476 0.0015 0.0000751
3.5 2.0 400 0.037 0.0015 0.00004155
3.5 2.0 500 0.03063 0.0015 0.00002605
3.5 2.0 600 0.0264 0.0015 0.0000177
3.5 2.0 700 0.0234 0.0015 0.00001275
3.5 2.0 800 0.0211 0.0015 0.00000955
3.5 2.0 900 0.0194 0.0015 0.0000074
3.5 2.0 1000 0.018 0.0015 0.00000586
4.0 0.0 100 0.227 0.0015 0.00078
4.0 0.0 200 0.116 0.0015 0.000191
4.0 0.0 300 0.0796 0.0015 0.000083
4.0 0.0 400 0.0615 0.0015 0.0000458
4.0 0.0 500 0.05 0.0015 0.0000287
4.0 0.0 600 0.043 0.0015 0.00001964
4.0 0.0 700 0.0379 0.0015 0.00001415
4.0 0.0 800 0.034 0.0015 0.00001065
4.0 0.0 900 0.031 0.0015 0.00000825
4.0 0.0 1000 0.0285 0.0015 0.00000656
4.0 0.5 100 0.214 0.0015 0.00077
4.0 0.5 200 0.11 0.0015 0.000188
4.0 0.5 300 0.0752 0.0015 0.000082
4.0 0.5 400 0.058 0.0015 0.0000452
4.0 0.5 500 0.0475 0.0015 0.0000284
4.0 0.5 600 0.041 0.0015 0.0000194
4.0 0.5 700 0.0359 0.0015 0.00001396
4.0 0.5 800 0.03225 0.0015 0.0000105
4.0 0.5 900 0.0295 0.0015 0.00000814
4.0 0.5 1000 0.0273 0.0015 0.00000648
4.0 1.0 100 0.201 0.0015 0.00076
4.0 1.0 200 0.103 0.0015 0.000186
4.0 1.0 300 0.071 0.0015 0.000081
4.0 1.0 400 0.0545 0.0015 0.0000446
4.0 1.0 500 0.045 0.0015 0.000028
4.0 1.0 600 0.0385 0.0015 0.00001912
4.0 1.0 700 0.0339 0.0015 0.00001376
4.0 1.0 800 0.0306 0.0015 0.00001036
4.0 1.0 900 0.028 0.0015 0.00000803
4.0 1.0 1000 0.0258 0.0015 0.00000638
4.0 1.5 100 0.188 0.0015 0.00075
4.0 1.5 200 0.0955 0.0015 0.000183
4.0 1.5 300 0.066 0.0015 0.0000795
4.0 1.5 400 0.051 0.0015 0.000044
4.0 1.5 500 0.042 0.0015 0.0000276
4.0 1.5 600 0.036 0.0015 0.0000188
4.0 1.5 700 0.0319 0.0015 0.00001356
4.0 1.5 800 0.0286 0.0015 0.00001018
4.0 1.5 900 0.0262 0.0015 0.00000788
4.0 1.5 1000 0.0243 0.0015 0.00000626
4.0 2.0 100 0.17 0.0015 0.00074
4.0 2.0 200 0.0877 0.0015 0.000180
4.0 2.0 300 0.0605 0.0015 0.0000781
4.0 2.0 400 0.047 0.0015 0.0000432
4.0 2.0 500 0.0385 0.0015 0.00002705
4.0 2.0 600 0.0332 0.0015 0.00001842
4.0 2.0 700 0.0294 0.0015 0.00001328
4.0 2.0 800 0.0266 0.0015 0.00000997
4.0 2.0 900 0.0244 0.0015 0.00000772
4.0 2.0 1000 0.0225 0.0015 0.00000612
4.5 0.0 100 0.2643 0.0015 0.0008
4.5 0.0 200 0.1352 0.0015 0.0001945
4.5 0.0 300 0.0921 0.0015 0.0000845
4.5 0.0 400 0.0708 0.0015 0.0000466
4.5 0.0 500 0.05825 0.0015 0.0000293
4.5 0.0 600 0.04978 0.0015 0.00002
4.5 0.0 700 0.0438 0.0015 0.00001443
4.5 0.0 800 0.0394 0.0015 0.00001085
4.5 0.0 900 0.0359 0.0015 0.00000843
4.5 0.0 1000 0.0332 0.0015 0.00000670
4.5 0.5 100 0.251 0.0015 0.00079
4.5 0.5 200 0.1282 0.0015 0.0001922
4.5 0.5 300 0.0878 0.0015 0.0000835
4.5 0.5 400 0.0675 0.0015 0.0000461
4.5 0.5 500 0.0556 0.0015 0.000029
4.5 0.5 600 0.0476 0.0015 0.0000198
4.5 0.5 700 0.0419 0.0015 0.00001428
4.5 0.5 800 0.0377 0.0015 0.00001073
4.5 0.5 900 0.0344 0.0015 0.00000833
4.5 0.5 1000 0.03181 0.0015 0.00000662
4.5 1.0 100 0.2367 0.0015 0.00078
4.5 1.0 200 0.1213 0.0015 0.0001899
4.5 1.0 300 0.0831 0.0015 0.0000825
4.5 1.0 400 0.0641 0.0015 0.0000456
4.5 1.0 500 0.05275 0.0015 0.0000287
4.5 1.0 600 0.0453 0.0015 0.00001957
4.5 1.0 700 0.0399 0.0015 0.00001413
4.5 1.0 800 0.0359 0.0015 0.00001061
4.5 1.0 900 0.0328 0.0015 0.00000823
4.5 1.0 1000 0.03035 0.0015 0.00000654
4.5 1.5 100 0.222 0.0015 0.00077
4.5 1.5 200 0.114 0.0015 0.0001875
4.5 1.5 300 0.0782 0.0015 0.0000817
4.5 1.5 400 0.0605 0.0015 0.0000451
4.5 1.5 500 0.0498 0.0015 0.0000283
4.5 1.5 600 0.0427 0.0015 0.00001927
4.5 1.5 700 0.03777 0.0015 0.00001393
4.5 1.5 800 0.0340 0.0015 0.00001046
4.5 1.5 900 0.0311 0.0015 0.00000811
4.5 1.5 1000 0.0288 0.0015 0.00000644
4.5 2.0 100 0.2062 0.0015 0.00076
4.5 2.0 200 0.1062 0.0015 0.000185
4.5 2.0 300 0.073 0.0015 0.0000807
4.5 2.0 400 0.0564 0.0015 0.0000443
4.5 2.0 500 0.0466 0.0015 0.0000279
4.5 2.0 600 0.0400 0.0015 0.00001900
4.5 2.0 700 0.0355 0.0015 0.0000137
4.5 2.0 800 0.0319 0.0015 0.00001029
4.5 2.0 900 0.0292 0.0015 0.00000796
4.5 2.0 1000 0.0271 0.0015 0.00000633
5.0 0.0 100 0.3 0.0015 0.00081
5.0 0.0 200 0.153 0.0015 0.0001965
5.0 0.0 300 0.105 0.0015 0.000086
5.0 0.0 400 0.0805 0.0015 0.00004735
5.0 0.0 500 0.0664 0.0015 0.0000298
5.0 0.0 600 0.0567 0.0015 0.00002035
5.0 0.0 700 0.05 0.0015 0.0000147
5.0 0.0 800 0.04475 0.0015 0.00001105
5.0 0.0 900 0.041 0.0015 0.00000858
5.0 0.0 1000 0.0378 0.0015 0.00000682
5.0 0.5 100 0.287 0.0015 0.0008
5.0 0.5 200 0.147 0.0015 0.000195
5.0 0.5 300 0.1005 0.0015 0.000085
5.0 0.5 400 0.0775 0.0015 0.000047
5.0 0.5 500 0.0637 0.0015 0.0000296
5.0 0.5 600 0.0546 0.0015 0.00002019
5.0 0.5 700 0.048 0.0015 0.00001455
5.0 0.5 800 0.0432 0.0015 0.00001095
5.0 0.5 900 0.0394 0.0015 0.0000085
5.0 0.5 1000 0.03635 0.0015 0.00000675
5.0 1.0 100 0.2745 0.0015 0.0008
5.0 1.0 200 0.1397 0.0015 0.000193
5.0 1.0 300 0.0957 0.0015 0.0000842
5.0 1.0 400 0.074 0.0015 0.0000466
5.0 1.0 500 0.0609 0.0015 0.0000292
5.0 1.0 600 0.0521 0.0015 0.00001995
5.0 1.0 700 0.046 0.0015 0.0000144
5.0 1.0 800 0.0413 0.0015 0.000010815
5.0 1.0 900 0.0377 0.0015 0.0000084
5.0 1.0 1000 0.035 0.0015 0.00000668
5.0 1.5 100 0.259 0.0015 0.00079
5.0 1.5 200 0.132 0.0015 0.000191
5.0 1.5 300 0.091 0.0015 0.0000835
5.0 1.5 400 0.07 0.0015 0.000046
5.0 1.5 500 0.0578 0.0015 0.0000289
5.0 1.5 600 0.0497 0.0015 0.0000197
5.0 1.5 700 0.04375 0.0015 0.00001425
5.0 1.5 800 0.0395 0.0015 0.00001071
5.0 1.5 900 0.036 0.0015 0.0000083
5.0 1.5 1000 0.0334 0.0015 0.0000066
5.0 2.0 100 0.243 0.0015 0.00078
5.0 2.0 200 0.125 0.0015 0.00019
5.0 2.0 300 0.0855 0.0015 0.0000825
5.0 2.0 400 0.0662 0.0015 0.0000455
5.0 2.0 500 0.0545 0.0015 0.0000285
5.0 2.0 600 0.047 0.0015 0.0000195
5.0 2.0 700 0.0415 0.0015 0.00001405
5.0 2.0 800 0.0373 0.0015 0.00001055
5.0 2.0 900 0.03425 0.0015 0.00000819
5.0 2.0 1000 0.03175 0.0015 0.0000065
5.5 0.0 100 0.339 0.0015 0.00083
5.5 0.0 200 0.1723 0.0015 0.000200
5.5 0.0 300 0.1177 0.0015 0.000087
5.5 0.0 400 0.0905 0.0015 0.0000480
5.5 0.0 500 0.07448 0.0015 0.0000303
5.5 0.0 600 0.0637 0.0015 0.00002065
5.5 0.0 700 0.05603 0.0015 0.0000149
5.5 0.0 800 0.0504 0.0015 0.00001123
5.5 0.0 900 0.04595 0.0015 0.00000871
5.5 0.0 1000 0.04245 0.0015 0.00000693
5.5 0.5 100 0.3247 0.0015 0.00082
5.5 0.5 200 0.1655 0.0015 0.000198
5.5 0.5 300 0.1132 0.0015 0.0000863
5.5 0.5 400 0.0872 0.0015 0.00004765
5.5 0.5 500 0.0717 0.0015 0.0000300
5.5 0.5 600 0.06145 0.0015 0.00002047
5.5 0.5 700 0.05415 0.0015 0.0000148
5.5 0.5 800 0.0486 0.0015 0.00001113
5.5 0.5 900 0.04442 0.0015 0.00000863
5.5 0.5 1000 0.04103 0.0015 0.00000687
5.5 1.0 100 0.310 0.0015 0.00081
5.5 1.0 200 0.1582 0.0015 0.000196
5.5 1.0 300 0.1087 0.0015 0.0000859
5.5 1.0 400 0.0837 0.0015 0.00004725
5.5 1.0 500 0.06895 0.0015 0.0000298
5.5 1.0 600 0.05900 0.0015 0.00002029
5.5 1.0 700 0.0521 0.0015 0.00001467
5.5 1.0 800 0.0468 0.0015 0.00001103
5.5 1.0 900 0.04278 0.0015 0.00000855
5.5 1.0 1000 0.03955 0.0015 0.0000068
5.5 1.5 100 0.2945 0.0015 0.00080
5.5 1.5 200 0.151 0.0015 0.0001943
5.5 1.5 300 0.1037 0.0015 0.000085
5.5 1.5 400 0.0800 0.0015 0.00004678
5.5 1.5 500 0.0659 0.0015 0.0000295
5.5 1.5 600 0.05650 0.0015 0.00002011
5.5 1.5 700 0.04988 0.0015 0.0000145
5.5 1.5 800 0.0449 0.0015 0.00001091
5.5 1.5 900 0.04105 0.0015 0.00000846
5.5 1.5 1000 0.03800 0.0015 0.00000673
5.5 2.0 100 0.2787 0.0015 0.00079
5.5 2.0 200 0.1431 0.0015 0.0001925
5.5 2.0 300 0.0985 0.0015 0.0000842
5.5 2.0 400 0.076 0.0015 0.0000463
5.5 2.0 500 0.06270 0.0015 0.0000291
5.5 2.0 600 0.05390 0.0015 0.0000199
5.5 2.0 700 0.0476 0.0015 0.00001435
5.5 2.0 800 0.04287 0.0015 0.00001077
5.5 2.0 900 0.03922 0.0015 0.00000837
5.5 2.0 1000 0.036332 0.0015 0.00000665
6.0 0.0 100 0.3765 0.0015 0.00084
6.0 0.0 200 0.1915 0.0015 0.000203
6.0 0.0 300 0.1305 0.0015 0.000088
6.0 0.0 400 0.1007 0.0015 0.0000488
6.0 0.0 500 0.0828 0.0015 0.0000307
6.0 0.0 600 0.0708 0.0015 0.00002095
6.0 0.0 700 0.0623 0.0015 0.00001512
6.0 0.0 800 0.05585 0.0015 0.00001138
6.0 0.0 900 0.0510 0.0015 0.00000884
6.0 0.0 1000 0.04710 0.0015 0.00000703
6.0 0.5 100 0.362 0.0015 0.000835
6.0 0.5 200 0.1845 0.0015 0.000201
6.0 0.5 300 0.1260 0.0015 0.0000875
6.0 0.5 400 0.0972 0.0015 0.0000484
6.0 0.5 500 0.0799 0.0015 0.0000304
6.0 0.5 600 0.0684 0.0015 0.00002075
6.0 0.5 700 0.0603 0.0015 0.000014992
6.0 0.5 800 0.0542 0.0015 0.00001128
6.0 0.5 900 0.0495 0.0015 0.00000877
6.0 0.5 1000 0.04570 0.0015 0.00000698
6.0 1.0 100 0.348 0.0015 0.000830
6.0 1.0 200 0.177 0.0015 0.000199
6.0 1.0 300 0.1215 0.0015 0.0000870
6.0 1.0 400 0.0936 0.0015 0.0000480
6.0 1.0 500 0.0770 0.0015 0.0000302
6.0 1.0 600 0.0660 0.0015 0.00002059
6.0 1.0 700 0.05815 0.0015 0.00001489
6.0 1.0 800 0.0524 0.0015 0.0000112
6.0 1.0 900 0.0478 0.0015 0.00000870
6.0 1.0 1000 0.04420 0.0015 0.00000692
6.0 1.5 100 0.334 0.0015 0.000825
6.0 1.5 200 0.170 0.0015 0.000198
6.0 1.5 300 0.1166 0.0015 0.0000865
6.0 1.5 400 0.0900 0.0015 0.0000476
6.0 1.5 500 0.0742 0.0015 0.0000300
6.0 1.5 600 0.0635 0.0015 0.00002042
6.0 1.5 700 0.05600 0.0015 0.00001475
6.0 1.5 800 0.0504 0.0015 0.00001110
6.0 1.5 900 0.0461 0.0015 0.00000862
6.0 1.5 1000 0.04265 0.0015 0.00000685
6.0 2.0 100 0.3182 0.0015 0.000818
6.0 2.0 200 0.162 0.0015 0.000196
6.0 2.0 300 0.1114 0.0015 0.0000857
6.0 2.0 400 0.0860 0.0015 0.0000472
6.0 2.0 500 0.0709 0.0015 0.0000297
6.0 2.0 600 0.0609 0.0015 0.00002025
6.0 2.0 700 0.05377 0.0015 0.00001461
6.0 2.0 800 0.0484 0.0015 0.00001099
6.0 2.0 900 0.04425 0.0015 0.00000853
6.0 2.0 1000 0.0410 0.0015 0.00000678