python /p/projects/dominoes/nicowun/conceptual_tipping/uniform_distribution/overshoot_study/MAIN_cluster_earth_system_complete_no_enso.py $SLURM_NTASKS 0.9183029815394349 2.3885370105887995 1.992801071295943 3.9887964479687965 4.480642921936935 0.17987908345005993 0.8406125344797735 0.37982673798028066 0.19622466304037592 0.21995682709593467 0.2507240489292405 0.12155858668779652 0.17717806892447752 0.15796027793553247 0.1346368579815631 0.41619629099617483 0.38748518389882447 7757.23023703856 72.19192428443324 6501.990656966239 96.92296797423056 182.25839860429673 0000
python /p/projects/dominoes/nicowun/conceptual_tipping/uniform_distribution/overshoot_study/MAIN_cluster_earth_system_complete_no_enso.py $SLURM_NTASKS 0.9490252471884991 5.629247261894788 1.8669008484255774 3.5624752519997993 5.316977806974565 0.12545095710760373 0.5116995305661015 0.12717649988922766 0.11600443470558464 0.2439273898585528 0.21101288983013744 0.12820199706405927 0.7943010021759414 0.10875447071209138 0.13209548447881383 0.2693267174654352 0.13613767683787553 8971.99979164499 34.75127132493779 3565.190759574468 157.41644751338515 127.58019656132565 0001
python /p/projects/dominoes/nicowun/conceptual_tipping/uniform_distribution/overshoot_study/MAIN_cluster_earth_system_complete_no_enso.py $SLURM_NTASKS 1.2125186198692561 3.715388880819954 1.9434984204506678 5.063618982124878 5.497770919898086 0.17486941242156395 0.9460346557516288 0.9394158500362961 0.10124803628276971 0.2638240411978787 0.4088952055056281 0.10716391935157442 0.9130091011105498 0.14453408536695087 0.11874672344829351 0.929803454386094 0.3937756902151275 7377.135579106112 156.92377993915358 5730.510528010227 30.263322727982377 192.89018169838673 0002
python /p/projects/dominoes/nicowun/conceptual_tipping/uniform_distribution/overshoot_study/MAIN_cluster_earth_system_complete_no_enso.py $SLURM_NTASKS 2.25210625140432 2.958943485175138 1.5859132138792869 2.1033166549751536 3.4618897460076203 0.17181109382605222 0.6002650680252629 0.5442979215745699 0.144950207804366 0.14752590025286574 0.4972042882431521 0.10026532234994272 0.671609865073932 0.14119926327489873 0.12106048300896233 0.5153263771091381 0.14482771489724222 3473.6908661497546 40.02953626132 10047.010384561749 168.94043936179494 97.81300516614164 0003
python /p/projects/dominoes/nicowun/conceptual_tipping/uniform_distribution/overshoot_study/MAIN_cluster_earth_system_complete_no_enso.py $SLURM_NTASKS 2.049056363018736 2.182674142597239 2.2055741613157016 3.416032450404935 5.263605944844366 0.13752029828593965 0.7181312109059953 0.9073873322811699 0.16638885812166665 0.295827962647762 0.4475849899267501 0.10629188448379503 0.62192462319301 0.13004118612930135 0.13984607492575313 0.9567805316239535 0.18338061865242988 9845.44872943459 82.97992837387692 2380.4085015245246 130.01733019805977 121.89343620218119 0004
python /p/projects/dominoes/nicowun/conceptual_tipping/uniform_distribution/overshoot_study/MAIN_cluster_earth_system_complete_no_enso.py $SLURM_NTASKS 1.4754818644922403 6.5396607301913185 2.247032807263363 3.6210979270262564 3.4387878452121834 0.19314539067549105 0.6052810148955151 0.5240435544006059 0.12351294340687434 0.10512569081405436 0.19900255021574448 0.1361203534117607 0.24455525304818537 0.118782376857453 0.11313731651896265 0.11664649532548357 0.397373114644308 10881.262349110024 237.66881336628953 10865.463979581493 45.40117728942555 124.22211493197146 0005
python /p/projects/dominoes/nicowun/conceptual_tipping/uniform_distribution/overshoot_study/MAIN_cluster_earth_system_complete_no_enso.py $SLURM_NTASKS 2.5881099755382366 6.063838731384944 2.7947611354567625 4.930887009272503 5.708655793901777 0.1332196577693941 0.26306972954234203 0.8984584349873561 0.17550604596485664 0.2106592123123529 0.24722448441229952 0.1012172885024242 0.9303510696156597 0.19869202681861312 0.11810098500742253 0.6725748720188578 0.15698533930631747 10024.300816708359 120.44352416633214 6855.152121819397 119.00606850651664 59.478848112979286 0006
python /p/projects/dominoes/nicowun/conceptual_tipping/uniform_distribution/overshoot_study/MAIN_cluster_earth_system_complete_no_enso.py $SLURM_NTASKS 1.3465266168076404 6.879857492902056 1.3163321341733911 3.147042962270392 5.182185285915018 0.10767906689331846 0.6370369722146605 0.4805773381272995 0.18529298646604517 0.2867613978968119 0.4434045830254758 0.1251833250670507 0.19358901306773063 0.18639632815256937 0.10691409370551336 0.47856819508202963 0.10181045417763628 3188.8847195414905 143.3073246047087 8127.368419326052 28.938351737469432 137.71052607236533 0007
python /p/projects/dominoes/nicowun/conceptual_tipping/uniform_distribution/overshoot_study/MAIN_cluster_earth_system_complete_no_enso.py $SLURM_NTASKS 2.975973047615714 7.979157212502388 1.2369575142750526 2.459516395558507 4.626905317299621 0.15983464936596614 0.6884472599731384 0.3977034095789773 0.17045827310323505 0.15792942878585867 0.1557835380810449 0.11592250334263535 0.5697654484210918 0.17585533333370795 0.11120797607075686 0.3044290805367512 0.2570479037931359 1225.88872043007 296.5629171589045 8509.352620418978 101.65893787297622 136.90587224547374 0008
python /p/projects/dominoes/nicowun/conceptual_tipping/uniform_distribution/overshoot_study/MAIN_cluster_earth_system_complete_no_enso.py $SLURM_NTASKS 1.29976309264342 7.036529975427094 2.9865227903566627 3.4690008760627435 4.305170166593043 0.10150794647279075 0.37510613782464597 0.18740691722377362 0.11824657375334273 0.1537250778438291 0.12752362568422637 0.12040176360083849 0.846346745664355 0.1998240086724244 0.10044797510912895 0.912331054616509 0.26878095291126514 14557.240932307308 16.20180658296012 3773.4054000480605 95.03186320953961 186.5302696233251 0009
python /p/projects/dominoes/nicowun/conceptual_tipping/uniform_distribution/overshoot_study/MAIN_cluster_earth_system_complete_no_enso.py $SLURM_NTASKS 1.7688772945960243 4.200740287686811 1.2477787223611703 2.283206877378295 3.514949715809344 0.17064416692229073 0.802619512428406 0.9616358383445461 0.15417127123518337 0.1429192172881194 0.15958878149562986 0.1461903339609722 0.3117155156844488 0.15933334276250144 0.14206410614554937 0.6148857019365491 0.2135806663374289 1541.4706430145102 190.47156430227636 627.80207964671 42.68180387296292 146.23488807104528 0010
python /p/projects/dominoes/nicowun/conceptual_tipping/uniform_distribution/overshoot_study/MAIN_cluster_earth_system_complete_no_enso.py $SLURM_NTASKS 1.9346526339649808 4.166544406919951 2.4292514336250033 2.0507615642856005 5.074297926260906 0.11833542155688898 0.5509574590314937 0.5774133267698134 0.10978639947048603 0.20239181839531356 0.3422784652847415 0.11337705138991984 0.9493536695172448 0.18870883398446986 0.1283022118212682 0.7598785525874096 0.3512417234109465 2963.090856993734 176.59493564526232 11111.720971313105 46.00167698169259 52.63180860067944 0011
python /p/projects/dominoes/nicowun/conceptual_tipping/uniform_distribution/overshoot_study/MAIN_cluster_earth_system_complete_no_enso.py $SLURM_NTASKS 2.481448397218286 3.7779172833116204 2.284475686683149 5.51814963634024 3.8542098792963384 0.16002098287590677 0.31043511689215075 0.24602418059604886 0.17383837192385015 0.1480081118878089 0.14246960173897225 0.14135944426050817 0.6477442574730954 0.139447107324332 0.10389259939326013 0.384494313374973 0.15982186715524693 14189.826337736256 168.73184183482894 7465.8767672442755 199.30624574161277 68.65195023639944 0012
python /p/projects/dominoes/nicowun/conceptual_tipping/uniform_distribution/overshoot_study/MAIN_cluster_earth_system_complete_no_enso.py $SLURM_NTASKS 2.2988813897182903 6.323205103409332 1.6003008791881168 3.1106607637425485 5.576830558651906 0.19492669851212027 0.3402167762556042 0.42169595131797843 0.1023452326410172 0.13648687998036327 0.11642610115837222 0.12991188165255924 0.44188618274262326 0.14260843986731625 0.10094047813037835 0.6015361309450745 0.12883598404952334 4161.00476008609 218.33819888507145 9633.65478110226 62.56563768458516 93.22724077488954 0013
python /p/projects/dominoes/nicowun/conceptual_tipping/uniform_distribution/overshoot_study/MAIN_cluster_earth_system_complete_no_enso.py $SLURM_NTASKS 2.774929678509307 7.280986864610464 1.9064530082543847 4.626245452827128 5.768609702946918 0.17391530378986708 0.4421442353559233 0.7451762658469921 0.14697238931696777 0.27726692019310906 0.14962769540439558 0.1164761973452134 0.5020221936249021 0.15874888271617546 0.11711797356659773 0.5022975262010323 0.1787421235525937 5445.684070066216 205.3888829533276 7653.389483521606 167.07957037823414 140.43149730451645 0014
python /p/projects/dominoes/nicowun/conceptual_tipping/uniform_distribution/overshoot_study/MAIN_cluster_earth_system_complete_no_enso.py $SLURM_NTASKS 1.8785230199163518 1.949833920060315 2.3608296999376015 3.195552190686405 3.092959064237497 0.16870805395344607 0.16619087301118662 0.33810521568957674 0.18079234141248057 0.29875576460612185 0.3174609378395704 0.1279731529257059 0.5621399478738018 0.12229345900355837 0.1264300042695667 0.23898310300389383 0.2633161191808939 5994.598613755083 146.11085740600225 6955.570593300895 109.98626114983442 172.77738373211503 0015
python /p/projects/dominoes/nicowun/conceptual_tipping/uniform_distribution/overshoot_study/MAIN_cluster_earth_system_complete_no_enso.py $SLURM_NTASKS 1.8648383619264906 4.768558986617877 1.3679387671022398 4.229900853479611 5.231452031685537 0.10004048957510155 0.19365439052999212 0.47768641911835485 0.19279573811755438 0.20885786702438358 0.36452814713281845 0.1495806209812683 0.5417405300264796 0.17277694170271937 0.14707560605651765 0.19151010712009303 0.14873570902880087 11467.622799107005 285.7661413641892 7559.959080589626 195.8923647838843 110.74454552405115 0016
python /p/projects/dominoes/nicowun/conceptual_tipping/uniform_distribution/overshoot_study/MAIN_cluster_earth_system_complete_no_enso.py $SLURM_NTASKS 1.3695238368780422 1.8905015267441778 1.2118572631137055 4.274155310893373 4.3606905472719575 0.11353218210345853 0.49546347451570816 0.44526798458361116 0.14113211125913372 0.11413256842967476 0.40213621863005444 0.12291597857923278 0.45158763372218735 0.11410817407761831 0.1409982910978712 0.6866324529459827 0.10712085906536783 11746.810774938678 224.41654608149716 4173.520565778366 91.26676146998078 103.50407160236718 0017
python /p/projects/dominoes/nicowun/conceptual_tipping/uniform_distribution/overshoot_study/MAIN_cluster_earth_system_complete_no_enso.py $SLURM_NTASKS 1.6301647458583919 2.1088093561657257 2.8085374868858244 4.116275673181045 5.581449674621597 0.16669679332181636 0.4857875366801694 0.11640059669174645 0.14315092195311016 0.18935152981588024 0.2661229585656771 0.13355999232578775 0.8082016967693098 0.11681897296292827 0.11600746653412973 0.12256439378634315 0.29983207065492123 4795.219336712087 251.74712001617436 2080.8935769816526 94.21832015356593 139.3539235858234 0018
python /p/projects/dominoes/nicowun/conceptual_tipping/uniform_distribution/overshoot_study/MAIN_cluster_earth_system_complete_no_enso.py $SLURM_NTASKS 1.727572127343659 7.896192007903627 1.701613272950999 4.025243890050616 3.056247138308612 0.1311363423193239 0.23788739645644785 0.3291506800978027 0.17207108352633999 0.22204249066789755 0.18834033696609093 0.10435819973395481 0.34512409473551897 0.1201833230121173 0.14312888454261743 0.41291625246530483 0.3340632883060356 2872.0330201700867 184.1231985812576 4810.834837040874 113.08170387615331 133.3698557289689 0019
python /p/projects/dominoes/nicowun/conceptual_tipping/uniform_distribution/overshoot_study/MAIN_cluster_earth_system_complete_no_enso.py $SLURM_NTASKS 2.808257252660792 2.526432832325042 2.8477959392807026 2.3691573769660925 4.208774906553491 0.10857060983520939 0.10950458855584246 0.4303560063555484 0.12851601351508893 0.239628980399587 0.2720554706679267 0.11373912345160414 0.8205178447637131 0.1279787826050824 0.146096510252722 0.37448418471515765 0.3230722406136802 4613.080353800073 19.680440201324956 10185.194334195787 86.71191119051295 82.81438784218255 0020
python /p/projects/dominoes/nicowun/conceptual_tipping/uniform_distribution/overshoot_study/MAIN_cluster_earth_system_complete_no_enso.py $SLURM_NTASKS 2.667817299156228 2.502396673268195 1.6474580577768014 3.5146642205984433 4.391478215245474 0.15234330231745974 0.5321857811448035 0.23613580048313695 0.19188169822540962 0.28145374548080626 0.3989857292820649 0.11927541660486249 0.25644021586415866 0.1622781154373629 0.1468063039201935 0.5498089091179419 0.1113351774860295 11977.54613217983 68.00762841745447 559.9186433000013 34.538071089118525 155.80650606250185 0021
python /p/projects/dominoes/nicowun/conceptual_tipping/uniform_distribution/overshoot_study/MAIN_cluster_earth_system_complete_no_enso.py $SLURM_NTASKS 2.5566682270922056 3.2188327105939756 2.9082081760690737 5.114227498610964 3.7422979021074294 0.13231767758738475 0.7566978615528139 0.8162948889392462 0.1491333512446438 0.10605100967742881 0.3602623165400911 0.13086459381603394 0.7338468654000768 0.1335005383387934 0.13613834720431384 0.5910775560654018 0.147178913061686 13421.99381512385 31.611187893185633 11992.067171864794 161.10731800782943 175.67607563196032 0022
python /p/projects/dominoes/nicowun/conceptual_tipping/uniform_distribution/overshoot_study/MAIN_cluster_earth_system_complete_no_enso.py $SLURM_NTASKS 1.5807986168025847 6.633359641009706 2.5476014806222613 2.7094263978612254 3.192513150863374 0.14428693736433804 0.7778732537454401 0.1381434844867864 0.13788944743390652 0.10399888548115079 0.1383396659526575 0.14187385806636732 0.7546842561984799 0.15065788432128224 0.11250748869455245 0.9791104040317415 0.13936246610652767 12528.644404005801 92.10639722570852 9829.604859322768 142.83961671959636 154.3096962104678 0023
python /p/projects/dominoes/nicowun/conceptual_tipping/uniform_distribution/overshoot_study/MAIN_cluster_earth_system_complete_no_enso.py $SLURM_NTASKS 2.361598317441759 6.854513582746847 2.173577823597318 3.9380056162295327 3.29971023506192 0.1298297960391033 0.12260179334777445 0.3123330549953721 0.1308520420089705 0.2079826690067058 0.32128803983506177 0.1351135902096801 0.2936793276922376 0.16062967989213872 0.10519227181232588 0.8712720719884193 0.2524602858644983 1316.0648011827627 261.47573722391127 12857.896494801038 42.40474901538213 181.34664295089135 0024
python /p/projects/dominoes/nicowun/conceptual_tipping/uniform_distribution/overshoot_study/MAIN_cluster_earth_system_complete_no_enso.py $SLURM_NTASKS 1.985304384804705 7.119921086592504 1.8911674548486639 5.408146035888949 5.34363828964578 0.17643598921228462 0.6591019661391667 0.11809800814896881 0.1360173099782346 0.13084051573327057 0.42972336746838935 0.12141928275740617 0.7719641763390063 0.10076037562835095 0.12780739014671413 0.12821573314565465 0.13168640528850695 1088.5684753930204 215.8234261261135 5057.465541002667 74.42789742655998 151.99912908691863 0025
python /p/projects/dominoes/nicowun/conceptual_tipping/uniform_distribution/overshoot_study/MAIN_cluster_earth_system_complete_no_enso.py $SLURM_NTASKS 1.0122766548121946 2.615122612691331 1.439399579568002 5.6419647008935225 5.4259920626367 0.13616206031936517 0.6407519813012532 0.9892623453814491 0.14011477715806947 0.15582559770553533 0.4159104648907407 0.14688232962239542 0.37713542006775536 0.11106464829305307 0.13899340888584452 0.7052499579255062 0.384572460725204 7104.148136110484 250.9866867093349 11487.08949889582 139.05064477214478 50.159318110949634 0026
python /p/projects/dominoes/nicowun/conceptual_tipping/uniform_distribution/overshoot_study/MAIN_cluster_earth_system_complete_no_enso.py $SLURM_NTASKS 2.452060294336773 3.8959888867908474 1.0247288188089114 5.225207450106398 4.266623865075665 0.11709114963686583 0.9736629046334245 0.5187016789950849 0.1384093175841575 0.13878382185029553 0.10654516596779579 0.10274942462596887 0.36207455713300696 0.11052463345940378 0.12294503206434679 0.4629633864627273 0.3117712741838287 4279.860474074356 192.10161574530923 2812.9137382476474 193.34455970127888 131.3266476390948 0027
python /p/projects/dominoes/nicowun/conceptual_tipping/uniform_distribution/overshoot_study/MAIN_cluster_earth_system_complete_no_enso.py $SLURM_NTASKS 1.1310380297297593 4.372570709519451 2.0833664459843897 2.1571530044083254 3.9484210854848083 0.16743958754367827 0.9007231852006004 0.8766377139715451 0.1254119791418994 0.12100429836104612 0.4379962853104252 0.13113126960526994 0.33956064476535486 0.13859904608262344 0.10459768759395027 0.9946661350393066 0.1762315690027473 13126.999102845622 96.02018034925112 7985.979303391925 124.69891265023853 65.91357703202053 0028
python /p/projects/dominoes/nicowun/conceptual_tipping/uniform_distribution/overshoot_study/MAIN_cluster_earth_system_complete_no_enso.py $SLURM_NTASKS 1.1291665618450797 3.4110600754067644 2.500394040945311 4.365810300233984 5.112884113526823 0.13810481088476906 0.9940898851980531 0.6649045536900138 0.10613555353250277 0.2565666567154642 0.27104600070835283 0.10581196813817763 0.9801622621686605 0.1839797993814132 0.12858902151578344 0.40148722655354163 0.22753002192259084 8801.633821153802 86.71933548625688 848.7785953719949 181.5521287883297 199.37039554318318 0029
python /p/projects/dominoes/nicowun/conceptual_tipping/uniform_distribution/overshoot_study/MAIN_cluster_earth_system_complete_no_enso.py $SLURM_NTASKS 2.7050093706959686 7.385403832388047 1.666457004351777 3.745610749889982 5.0348160919270635 0.17233482269603267 0.8126243434259987 0.22175724136571565 0.13258461539556576 0.19465338430104973 0.35978570799300835 0.10818921853373813 0.9597778913209969 0.17644152320097622 0.13447617591707478 0.10691711466534505 0.15297273093374178 10495.708290007733 162.002241436255 10311.460192774735 39.138263495391854 192.10893711104285 0030
python /p/projects/dominoes/nicowun/conceptual_tipping/uniform_distribution/overshoot_study/MAIN_cluster_earth_system_complete_no_enso.py $SLURM_NTASKS 1.4977474186575082 7.2665471501710055 1.294076165554454 2.880308278242897 4.688485101019884 0.16232661146596733 0.38278130666957844 0.2613093965382094 0.13983516558219175 0.22418861582464744 0.4165629566212329 0.12637751833967936 0.1454787642166429 0.11337540739361389 0.14353442147008658 0.18142126814045456 0.3449960892491475 10213.709740135273 247.4356022948248 6101.94511324406 60.55601577336454 99.23680831159065 0031
python /p/projects/dominoes/nicowun/conceptual_tipping/uniform_distribution/overshoot_study/MAIN_cluster_earth_system_complete_no_enso.py $SLURM_NTASKS 2.277040295315312 4.584249542529902 2.942527000311842 5.244565010133175 4.255453035682808 0.10462534871592556 0.9237534899021547 0.936052004984744 0.1876631156365025 0.246670433633616 0.1447649482823614 0.14802838224150341 0.9268086403175035 0.10358051715605268 0.10137227326953166 0.6504201234621421 0.3880529045671198 12399.775160003846 257.63003262128314 10546.018535754354 121.25705884262484 116.30096978619345 0032
python /p/projects/dominoes/nicowun/conceptual_tipping/uniform_distribution/overshoot_study/MAIN_cluster_earth_system_complete_no_enso.py $SLURM_NTASKS 2.576620392588201 3.64809676774144 2.5636971578693935 4.6799787329153 4.843122327452516 0.11028622944304883 0.5858945566653886 0.15073481939704644 0.12042188686275507 0.2264764250021152 0.23037324843423576 0.10766530288749643 0.6017051925307121 0.12584911780507085 0.1121446144895384 0.31836746346986555 0.22206507955735777 14910.876824324207 206.5950347732523 9315.49256700769 172.43585038430368 72.19383805057463 0033
python /p/projects/dominoes/nicowun/conceptual_tipping/uniform_distribution/overshoot_study/MAIN_cluster_earth_system_complete_no_enso.py $SLURM_NTASKS 2.979128915341409 7.441741110548877 2.8729066838745796 4.1543507364359185 4.140082647619378 0.15158739798132445 0.22601776069843899 0.30320897323869456 0.15915684640298083 0.17949305236226137 0.27981179306877213 0.12876465217535965 0.6656565367808331 0.12663745818562933 0.12313165485673333 0.8987539446212958 0.16369456852777559 12199.954719036034 113.3097577750135 8956.255579977484 76.3120200380418 108.70685263364467 0034
python /p/projects/dominoes/nicowun/conceptual_tipping/uniform_distribution/overshoot_study/MAIN_cluster_earth_system_complete_no_enso.py $SLURM_NTASKS 1.640171075210164 3.9435907685974105 2.4486067109594547 5.9534512401327575 4.9685436657110085 0.17576264605265327 0.9085542358046669 0.5750244145626997 0.182398153779636 0.2522270093461816 0.33646691333744705 0.13659342767763388 0.7170831702298318 0.168619288391478 0.11171802713483134 0.7539850855145493 0.2244208797723875 11601.605099407578 245.7034042688065 12067.52522854826 84.4009869799712 93.67011070675622 0035
python /p/projects/dominoes/nicowun/conceptual_tipping/uniform_distribution/overshoot_study/MAIN_cluster_earth_system_complete_no_enso.py $SLURM_NTASKS 1.1539930034903076 5.6929546635954775 2.146827108630533 4.4971849282213725 3.22759393926132 0.1491096249994417 0.7906071608748803 0.8090144266918983 0.11067244343631333 0.19851619274260396 0.11224314999011396 0.11011143742028531 0.84831251910259 0.10939670878986843 0.10284578567738252 0.6785184383256246 0.13522834949309961 5731.59354063155 157.9908045767781 3909.564018724981 152.43866556228562 185.17793201843833 0036
python /p/projects/dominoes/nicowun/conceptual_tipping/uniform_distribution/overshoot_study/MAIN_cluster_earth_system_complete_no_enso.py $SLURM_NTASKS 2.4473869250154205 2.4158745476088965 2.3445873289519885 3.2887655708193915 3.5748185456289887 0.15429302649240295 0.46443281259536284 0.43670505466728393 0.15164507161968813 0.15074116684025893 0.4632206635065662 0.11528971295085659 0.40712625559490156 0.12459314955521823 0.1246295460090729 0.9229395560874805 0.24129884022863385 7178.983995707606 53.36038666214464 12367.683938802897 159.4403949821976 55.37035403922901 0037
python /p/projects/dominoes/nicowun/conceptual_tipping/uniform_distribution/overshoot_study/MAIN_cluster_earth_system_complete_no_enso.py $SLURM_NTASKS 2.6149031584252755 5.110750013138116 2.7235943599867123 4.7407485479582 4.106915538118242 0.1415541389038094 0.9444736304503475 0.3213262655272995 0.19819162886507943 0.183861061099582 0.4480902447141065 0.11128427205524066 0.6513481721541785 0.19698395198787122 0.1485917504702811 0.35510254376203365 0.18948921446651715 10261.994259783685 78.1656822637215 3633.1028099991195 133.7936042530497 74.46497709870636 0038
python /p/projects/dominoes/nicowun/conceptual_tipping/uniform_distribution/overshoot_study/MAIN_cluster_earth_system_complete_no_enso.py $SLURM_NTASKS 1.550055033859751 5.9809214049871375 1.628617395156285 4.539841943635377 3.7877416232304064 0.1481022527308792 0.14690994579089742 0.9722236720328102 0.15370065923528564 0.2211587436415584 0.45499192390148135 0.10548163095435285 0.4468644694320495 0.11947943740284424 0.1254027507008678 0.8823634903744384 0.249224268993901 7640.988860989456 282.7173189698334 4115.723192290534 154.05580879017432 60.76398007553165 0039
python /p/projects/dominoes/nicowun/conceptual_tipping/uniform_distribution/overshoot_study/MAIN_cluster_earth_system_complete_no_enso.py $SLURM_NTASKS 1.1031007279986844 6.750024379723937 1.0669145711355204 2.4859223441332885 3.6091487068841173 0.18237770259754238 0.5202090955515387 0.8567720010626264 0.1772911058006058 0.289499505980777 0.29097434196371197 0.10087906566180545 0.39285017095193275 0.12305077347442414 0.1481553355950731 0.5399907841774156 0.2724186278309547 1615.1320780999013 172.92134177242332 12183.971730502017 65.40816724667798 163.87490462918822 0040
python /p/projects/dominoes/nicowun/conceptual_tipping/uniform_distribution/overshoot_study/MAIN_cluster_earth_system_complete_no_enso.py $SLURM_NTASKS 0.8862682869966858 5.4777451777640795 1.4592657877690751 5.685214308163431 3.4938003602842507 0.18554601508305288 0.2522534170735913 0.9818124177054938 0.16378089350760172 0.11041483091532311 0.3748711056868075 0.13955759434888512 0.7779700000303175 0.11749618416200444 0.1452237444275861 0.20250998601028286 0.2598539417289698 14635.544792143257 279.6887771389776 11210.852824842117 180.42753281920375 91.49166536621757 0041
python /p/projects/dominoes/nicowun/conceptual_tipping/uniform_distribution/overshoot_study/MAIN_cluster_earth_system_complete_no_enso.py $SLURM_NTASKS 2.7976038752609464 4.9618758558183576 2.521703717339781 4.400474511405559 5.898346148439421 0.13038645698694493 0.17295193126616049 0.27316832611190556 0.15611357425947986 0.15991395673386016 0.1651149761477217 0.14296200951045404 0.14262276576009197 0.1326046149074896 0.1316483276667074 0.34051190914928686 0.11690338758974492 8336.859248357607 256.6487814277779 4712.730075567502 111.86717483927694 112.90097445829004 0042
python /p/projects/dominoes/nicowun/conceptual_tipping/uniform_distribution/overshoot_study/MAIN_cluster_earth_system_complete_no_enso.py $SLURM_NTASKS 2.1547890198746513 6.411257403247445 1.5338152791804869 5.1689535817222065 4.929380478387802 0.1270216563270136 0.5711960011841837 0.838621557746526 0.16815842036106485 0.26024584789520755 0.20437901894134794 0.10987878415044311 0.7467982110707521 0.12145485075813289 0.14108726935358107 0.2751708146280851 0.33288721141233324 13743.727870494677 65.2739071422837 1874.5058099189444 71.54347378222312 76.31335306525173 0043
python /p/projects/dominoes/nicowun/conceptual_tipping/uniform_distribution/overshoot_study/MAIN_cluster_earth_system_complete_no_enso.py $SLURM_NTASKS 1.703489130999856 7.861733835980303 1.1528853003309736 3.8784985026323917 5.478505649124562 0.12616023354477382 0.331925306898183 0.5902544291847888 0.15256869906833567 0.1649684890739339 0.2982263638469387 0.12482904918441567 0.13381770248994462 0.19424941603899654 0.11037920784799228 0.33013432323957986 0.19490140574646336 7496.65302970315 22.475321760525883 917.3900992626027 185.08091489798485 170.23099337964516 0044
python /p/projects/dominoes/nicowun/conceptual_tipping/uniform_distribution/overshoot_study/MAIN_cluster_earth_system_complete_no_enso.py $SLURM_NTASKS 2.7501767743117784 4.447957255988925 2.68203468840397 4.160150399248467 3.36774767773333 0.1981892441633319 0.3678605188235792 0.37536150004812097 0.1692927351743656 0.21724210234126673 0.1217122567330002 0.14875929621740433 0.8653590126266958 0.14307607270022793 0.11412259359638545 0.9905614117777158 0.2941068393634456 5320.8443123465 141.1076247301379 5863.438078020333 170.80401624363105 184.2369267860335 0045
python /p/projects/dominoes/nicowun/conceptual_tipping/uniform_distribution/overshoot_study/MAIN_cluster_earth_system_complete_no_enso.py $SLURM_NTASKS 2.0811331826233728 1.4427724603904493 1.1855188936834706 2.588370598121811 3.875035964400021 0.1554401890236124 0.6840622752137441 0.3582786031906805 0.16793425644426307 0.13214499197498114 0.13383884135693153 0.12413466969763275 0.484719306218482 0.1899624252417325 0.10241150124798358 0.4774882231755224 0.37455109387166996 6774.281073831115 45.93366439039374 6335.897644534361 104.85992294021817 150.15976942365234 0046
python /p/projects/dominoes/nicowun/conceptual_tipping/uniform_distribution/overshoot_study/MAIN_cluster_earth_system_complete_no_enso.py $SLURM_NTASKS 2.0318503608276606 2.2675855208417883 1.7861710122897936 3.2419154072641794 4.538930029685927 0.16974685379834586 0.5240070146307808 0.5039121620231833 0.14863256969946168 0.1277067302716605 0.37116702456779826 0.14330259233868975 0.19944563444353486 0.13157603419732355 0.11932306361639908 0.31593547882076733 0.16839337551041317 14807.72565364617 47.17415264904397 12900.661543601262 141.41504075638443 169.42936142222248 0047
python /p/projects/dominoes/nicowun/conceptual_tipping/uniform_distribution/overshoot_study/MAIN_cluster_earth_system_complete_no_enso.py $SLURM_NTASKS 1.4428182329583108 3.4876064906010673 2.1161617013147054 2.541837329339552 3.6452253517350393 0.18996353518563788 0.7214392636857679 0.7531240730594754 0.14276817084275673 0.12240710298162372 0.1306740880266663 0.12915995127583688 0.9894949534538632 0.1743064843344025 0.14275042249694994 0.3960727760951174 0.29507410961353464 1855.8234077810296 164.0809021987482 11570.316488832224 164.420464566475 88.02549029225139 0048
python /p/projects/dominoes/nicowun/conceptual_tipping/uniform_distribution/overshoot_study/MAIN_cluster_earth_system_complete_no_enso.py $SLURM_NTASKS 1.26182184995122 2.0221854686820233 2.0211752479103353 2.321385626887206 5.999835518342387 0.14373487508524688 0.9552964565209318 0.8541457922015198 0.16507573361292505 0.25970190472102694 0.3521258491956162 0.10359153032783129 0.21850557665921017 0.19768031578606632 0.12671893968353096 0.6433718311216153 0.12107999148962242 3541.9667265902367 237.281209857528 8011.450668230486 67.60774772690073 105.1658121771335 0049
python /p/projects/dominoes/nicowun/conceptual_tipping/uniform_distribution/overshoot_study/MAIN_cluster_earth_system_complete_no_enso.py $SLURM_NTASKS 2.2214778268250273 1.6542962690949081 1.2730804940588367 2.7620205369374062 4.5252769621183235 0.19783189372657903 0.32370401763653733 0.21022926483384902 0.18390224015976922 0.18785536797508368 0.38344601082562 0.1455773142932274 0.891345988146714 0.14000374464851442 0.13946753860315694 0.4532980385696628 0.2183107522137382 5130.012657192723 285.45804286106227 10647.642588426004 88.92619891579562 120.3212067643389 0050
python /p/projects/dominoes/nicowun/conceptual_tipping/uniform_distribution/overshoot_study/MAIN_cluster_earth_system_complete_no_enso.py $SLURM_NTASKS 2.827576064972966 5.318301638852008 2.8296485713958077 4.813534241727801 5.216323360592689 0.1478296085439984 0.9895192038613512 0.7840153650732978 0.11593156632257122 0.19770047758957077 0.1728932752566892 0.12746356414144006 0.9093399648341702 0.19598413751950594 0.1030473254642888 0.9499704055980999 0.10456577103984238 8633.05374956889 138.82342274481965 7123.802544922144 26.06016938550753 113.5342427479818 0051
python /p/projects/dominoes/nicowun/conceptual_tipping/uniform_distribution/overshoot_study/MAIN_cluster_earth_system_complete_no_enso.py $SLURM_NTASKS 2.388691524309798 2.2413707829280405 1.1060162628212484 4.44265400671034 5.925417526355552 0.1281441502018348 0.40037864730705697 0.5991851917149627 0.1640474669624421 0.23494002540269082 0.10019322899388626 0.14759691978527367 0.5921720527205282 0.19238481682053543 0.1458658139438177 0.5839948499599499 0.34109773639719343 7953.326195829123 210.93444473273303 1326.8029911049246 105.85393054227556 164.3098557667618 0052
python /p/projects/dominoes/nicowun/conceptual_tipping/uniform_distribution/overshoot_study/MAIN_cluster_earth_system_complete_no_enso.py $SLURM_NTASKS 2.7228111961161314 1.701327811791106 2.607961085073854 2.206771409969605 3.828322395399901 0.1925176291930782 0.5632765744375126 0.8738067016051911 0.1071101554752634 0.14532812975175197 0.3789394135172234 0.12231764218249823 0.5215071200542802 0.15206161886958094 0.11098636699717368 0.1731077593396883 0.2533422482523995 2036.1153285323678 63.36825040979128 11684.80280671545 26.953536620446577 77.7225522619126 0053
python /p/projects/dominoes/nicowun/conceptual_tipping/uniform_distribution/overshoot_study/MAIN_cluster_earth_system_complete_no_enso.py $SLURM_NTASKS 0.9919400697203864 7.756804804596321 2.4972091178419156 5.019411062043073 5.832197009606832 0.11519547315205671 0.872457217041829 0.362680963939216 0.15513134883761046 0.11944628510814054 0.43292655919492984 0.13475861805245606 0.18408230226125322 0.16481311565463996 0.13256286940060316 0.43993669216917897 0.24667663016881405 3917.281923717408 275.5557061382598 5934.827663622571 144.76922324782254 190.26926004618446 0054
python /p/projects/dominoes/nicowun/conceptual_tipping/uniform_distribution/overshoot_study/MAIN_cluster_earth_system_complete_no_enso.py $SLURM_NTASKS 1.0754762264897786 4.536944595010397 1.01113268706079 5.447055249712944 4.017824372698589 0.11173302864815825 0.7711148133363328 0.7305361904651232 0.1996186240931835 0.22997455882455303 0.30313793079839885 0.11435476720943129 0.3846718512821373 0.1718188575902578 0.10629602013724217 0.4247662560339919 0.36444951415643745 4495.761656371822 36.123085392991 10396.464727834265 150.61407547894402 106.20976558393863 0055
python /p/projects/dominoes/nicowun/conceptual_tipping/uniform_distribution/overshoot_study/MAIN_cluster_earth_system_complete_no_enso.py $SLURM_NTASKS 2.5291201454509675 5.571333085867439 1.8562475553122977 4.865617253103487 4.7549533211457256 0.18181118935736906 0.45204040209357144 0.8249637973929116 0.15757640971287384 0.20511879872662603 0.11067824109226351 0.12348849664907369 0.31846346124578906 0.10200319850946389 0.13103314825078843 0.2286102912914363 0.1620419363194661 9413.864584931758 240.19209837335634 1107.958821889934 154.95732225531583 108.09602160609785 0056
python /p/projects/dominoes/nicowun/conceptual_tipping/uniform_distribution/overshoot_study/MAIN_cluster_earth_system_complete_no_enso.py $SLURM_NTASKS 2.8980400284073413 2.720773514912997 2.312418161030414 5.875855365699728 5.87099711571565 0.11684951838098374 0.29945836735846754 0.6188780972447608 0.17826726447238198 0.17348574204955247 0.34537316850941957 0.10227322495851791 0.9714208507484078 0.18231246693105738 0.10764918348766005 0.9713812559898175 0.1921274746848659 6465.436983572218 104.22476709792736 12434.873825965347 79.36140737862576 141.98715873703742 0057
python /p/projects/dominoes/nicowun/conceptual_tipping/uniform_distribution/overshoot_study/MAIN_cluster_earth_system_complete_no_enso.py $SLURM_NTASKS 2.3285077278547415 4.650009965425147 2.6424651285152034 4.708899972088199 3.343682743099522 0.18737328520081642 0.828653937207345 0.2856017286234938 0.17966216481281255 0.11669907172013881 0.4233556972760092 0.14400130700045957 0.5848128212638461 0.1519173531108134 0.12378097946191458 0.28639326242419627 0.2877364041752208 9759.261787982865 288.8094930256617 6432.61560081763 92.91843693751547 118.7963805567545 0058
python /p/projects/dominoes/nicowun/conceptual_tipping/uniform_distribution/overshoot_study/MAIN_cluster_earth_system_complete_no_enso.py $SLURM_NTASKS 1.3159463351874474 1.8315593782609993 1.0532602163496112 3.716087588016369 4.123534848873142 0.12420358520643894 0.3942523519338831 0.7790627355970405 0.10088816288356214 0.2933634326855721 0.47771467926009004 0.1321535231211267 0.3555331004923491 0.13434162971955205 0.14940642909152002 0.21301331607437313 0.3095685507429442 6954.727400263695 188.5187111071728 9016.475057752119 63.773991809747436 53.99841476324702 0059
python /p/projects/dominoes/nicowun/conceptual_tipping/uniform_distribution/overshoot_study/MAIN_cluster_earth_system_complete_no_enso.py $SLURM_NTASKS 1.3946569769162207 5.187101983059225 1.3395114624059754 3.9155402022875285 5.944094572163404 0.1995919807190552 0.10479985649119189 0.41011617803550504 0.19378134835049365 0.27298928160668123 0.4728809784648572 0.11689082691032167 0.9942556172970427 0.14820990458588648 0.14440867213985026 0.8424207326171076 0.35542449696820244 11142.33621237205 136.43040940559598 10920.100742753066 108.09842864131774 144.69060392847248 0060
python /p/projects/dominoes/nicowun/conceptual_tipping/uniform_distribution/overshoot_study/MAIN_cluster_earth_system_complete_no_enso.py $SLURM_NTASKS 2.4981021555992466 4.368424132013789 2.2337308607856174 4.359389517822178 5.680543121735958 0.16476475349649433 0.8641880968119786 0.6768244514245452 0.19085384310013956 0.26439096069236867 0.45887448951403553 0.1107427449817361 0.506679393813977 0.19123648526430054 0.12442098598323398 0.8596692055467834 0.11240956579910225 5558.052307715206 41.55454854690263 5578.997941142163 115.47677402712716 148.25499733900125 0061
python /p/projects/dominoes/nicowun/conceptual_tipping/uniform_distribution/overshoot_study/MAIN_cluster_earth_system_complete_no_enso.py $SLURM_NTASKS 2.167583508960373 6.715290481570159 2.599392507069291 5.378038239304561 5.001523987500143 0.1847007068937118 0.541756546063147 0.2946938241426472 0.17124087067467636 0.24164430707088133 0.47144942525700295 0.10322106194662113 0.2646325561986139 0.16642844180979283 0.1418791030445397 0.7128903681077724 0.2759264755991406 3276.485347766214 121.23970322654765 9403.5433253301 54.26298552911901 157.71879343500518 0062
python /p/projects/dominoes/nicowun/conceptual_tipping/uniform_distribution/overshoot_study/MAIN_cluster_earth_system_complete_no_enso.py $SLURM_NTASKS 2.238636950553124 7.155381778668744 1.7260230647662085 5.5509121870358245 3.7069341163493434 0.1866000473104269 0.8869288111241396 0.5532917816034536 0.18472520445859986 0.16044667715818933 0.3932816641627116 0.13308110643694876 0.21136878017339245 0.13605129158849108 0.12022756336454093 0.6632776696846845 0.2654950036371153 12990.753861613905 84.64261410189063 2964.6661649356984 48.9619513163853 143.27491815744594 0063
python /p/projects/dominoes/nicowun/conceptual_tipping/uniform_distribution/overshoot_study/MAIN_cluster_earth_system_complete_no_enso.py $SLURM_NTASKS 2.682526838874931 6.446438161213864 2.967734223151204 2.660783537569972 5.305570878655535 0.19590559127078244 0.18409541502888344 0.6322618618917161 0.1769414038562077 0.25543875338721256 0.49433541680134885 0.1376853020249756 0.8298329857894214 0.19010202010209887 0.13691947390143602 0.9387698685508644 0.20709820462958956 12318.208063117294 91.233066711287 6207.588617036483 35.69729486242244 67.13189354490007 0064
python /p/projects/dominoes/nicowun/conceptual_tipping/uniform_distribution/overshoot_study/MAIN_cluster_earth_system_complete_no_enso.py $SLURM_NTASKS 1.0496887821229297 1.7392360598880623 2.381720326059672 3.3859742760041813 4.866266976023806 0.15765874931527754 0.6149589503040882 0.4527718988636027 0.1347588386957823 0.2701977669545639 0.42463690966279277 0.11232593471369198 0.27134822152508553 0.17753567262947936 0.13704560929579598 0.223035994382969 0.34815044284593455 3757.8771144558577 292.7288684210513 8792.94662261112 116.22731015875895 57.93283287047735 0065
python /p/projects/dominoes/nicowun/conceptual_tipping/uniform_distribution/overshoot_study/MAIN_cluster_earth_system_complete_no_enso.py $SLURM_NTASKS 1.4171522201101208 2.909649120844873 1.775039360002011 4.067006040279061 4.448682506812704 0.18325494308315465 0.70270181176055 0.9124514128057643 0.11791675723841155 0.2972362331712908 0.23912226420983776 0.12656738877841475 0.49387644125144914 0.161260305425546 0.14011306913421007 0.9042587122041593 0.20352579215310818 10950.413806993944 26.000283717053335 8449.82379433937 99.372713901313 189.07238945077967 0066
python /p/projects/dominoes/nicowun/conceptual_tipping/uniform_distribution/overshoot_study/MAIN_cluster_earth_system_complete_no_enso.py $SLURM_NTASKS 1.8024955365444224 4.040345498433323 2.00963008947126 4.8832016825940014 4.81150348031768 0.10257593827284718 0.40616510952844065 0.2675612480956312 0.19496005291958474 0.1628060715163287 0.46497332976502714 0.1189088653587988 0.7602312461328282 0.1695927628052944 0.12732610922715856 0.8159924039006694 0.3389070839186624 2339.4606449524354 56.370780481406435 4398.154007300666 127.51885331650364 95.56816391284525 0067
python /p/projects/dominoes/nicowun/conceptual_tipping/uniform_distribution/overshoot_study/MAIN_cluster_earth_system_complete_no_enso.py $SLURM_NTASKS 1.0393117034286803 4.268098500045261 2.76507288322083 2.1658818084259974 3.1233052605525167 0.12295064777789928 0.3531940030251679 0.39313149371559397 0.16092558206515692 0.278508682017121 0.2871786022186643 0.14496110125249032 0.1662077372112888 0.14510738269734474 0.10185947081306913 0.2528298511406759 0.30415763754603187 2730.4137308602894 100.17635509005719 2138.394053129731 165.65797567433373 85.0165483276651 0068
python /p/projects/dominoes/nicowun/conceptual_tipping/uniform_distribution/overshoot_study/MAIN_cluster_earth_system_complete_no_enso.py $SLURM_NTASKS 0.8921077376741626 2.994908938664066 2.3352281799486496 4.579461458239532 5.662530373726145 0.19090150661278088 0.29704997379747494 0.19119757968998094 0.1126177150187978 0.23794884729860075 0.25290155508514134 0.1125361359483557 0.4642315214114793 0.17393768096223433 0.13573294528735874 0.576296719885772 0.1986503986949671 10707.705848448135 124.58162795879838 7809.778849195269 136.93437992307383 72.68706520497949 0069
python /p/projects/dominoes/nicowun/conceptual_tipping/uniform_distribution/overshoot_study/MAIN_cluster_earth_system_complete_no_enso.py $SLURM_NTASKS 0.8058642734684518 3.630446254093482 1.9345713707930126 3.2180128328622732 3.678935502915059 0.11431611773772343 0.8523051112681445 0.16923371008955518 0.16250326476786842 0.17167948262049976 0.480949679364879 0.1494646217551242 0.7104223064657192 0.1872573794211357 0.12242406343770479 0.5613596289877221 0.23273997197540242 6443.089641525658 59.09597196944035 5160.662400378642 175.17775253113314 197.5385845790077 0070
python /p/projects/dominoes/nicowun/conceptual_tipping/uniform_distribution/overshoot_study/MAIN_cluster_earth_system_complete_no_enso.py $SLURM_NTASKS 1.6637812416305509 1.5702271486888983 2.2779946078278828 2.747560309757237 5.525448613412323 0.10912993239256452 0.9174211671989977 0.925255666452839 0.12270507654854566 0.1084647184718412 0.21234346091110418 0.11991158753753073 0.7863563151048198 0.112467317111705 0.10555622969823279 0.637720568897124 0.30122738362786877 13199.519158224384 49.71485409075209 12728.92746063447 147.72284718555417 81.36543364279044 0071
python /p/projects/dominoes/nicowun/conceptual_tipping/uniform_distribution/overshoot_study/MAIN_cluster_earth_system_complete_no_enso.py $SLURM_NTASKS 2.37539948787885 3.071015671390491 1.0875557050934619 3.8200441795702926 5.622497153281545 0.15889411066646186 0.44051743084023043 0.7581470861378854 0.13189088529218101 0.26693414751033795 0.18413825779618984 0.14209159600048324 0.7004863514502079 0.16723740088543848 0.11558593765863456 0.7442975869797875 0.38005906053434546 3971.7535701533698 194.6701117480427 4978.170588648612 132.96120409215507 167.1370730020176 0072
python /p/projects/dominoes/nicowun/conceptual_tipping/uniform_distribution/overshoot_study/MAIN_cluster_earth_system_complete_no_enso.py $SLURM_NTASKS 2.4215566361955276 5.416006001447133 2.9203873956671336 3.780018801962759 5.8137259503351455 0.14666005905604293 0.2825942047273786 0.6966752261496327 0.12684382572635233 0.19093756356774985 0.31578734649904217 0.13183753333207307 0.6835240368239921 0.16354830167134943 0.10824735919454037 0.7881295544946336 0.23153351784004922 2504.6850410161423 265.4524250428345 8626.073853197939 37.720772442689864 196.51802996101185 0073
python /p/projects/dominoes/nicowun/conceptual_tipping/uniform_distribution/overshoot_study/MAIN_cluster_earth_system_complete_no_enso.py $SLURM_NTASKS 2.1226803314230036 3.2800000333101385 2.1803973773131737 5.911584307100828 4.060515252858636 0.15050530852081062 0.47289487902721195 0.2341546879403653 0.10329751088880389 0.2756839207623506 0.2930360707614579 0.10900524690839274 0.9404502710385714 0.17993179303859524 0.10446910091480315 0.256482786824641 0.17236412283973113 9307.191530543883 71.25134516819791 3045.5781380580365 85.16199002826488 70.48176534159296 0074
python /p/projects/dominoes/nicowun/conceptual_tipping/uniform_distribution/overshoot_study/MAIN_cluster_earth_system_complete_no_enso.py $SLURM_NTASKS 2.9191217686029347 6.157315650942021 1.8094729897351582 5.808780215924781 4.785108991053741 0.10331192880630768 0.880843976940399 0.16283209279087438 0.11954491023361083 0.17595574048697787 0.2588889978303479 0.10484384691899755 0.7242374508523856 0.1461933386144771 0.12188784602462938 0.7944020723260868 0.1702651983215317 6184.144913003115 199.52354298248738 9561.813375167605 120.77468387078822 100.20598558463055 0075
python /p/projects/dominoes/nicowun/conceptual_tipping/uniform_distribution/overshoot_study/MAIN_cluster_earth_system_complete_no_enso.py $SLURM_NTASKS 2.856516085335117 3.544658845913835 1.1723183198618183 3.073035115369863 5.750036454402959 0.14235343209659876 0.12799312470161595 0.4892998288752888 0.18913394574343698 0.2126285241415526 0.28077164052614545 0.11793888506028556 0.5285870774257301 0.19323882419019042 0.11962954792329004 0.7822998641220693 0.19901620653457164 13733.601101801165 299.05089328224125 5445.507163773042 176.01483533576686 176.2573653394206 0076
python /p/projects/dominoes/nicowun/conceptual_tipping/uniform_distribution/overshoot_study/MAIN_cluster_earth_system_complete_no_enso.py $SLURM_NTASKS 1.6899409379220494 4.751834062746234 1.7578627121938377 2.2556206143367623 5.143946990238876 0.17803125270517997 0.3490180356657292 0.5348688442644882 0.10818407896411134 0.10026574326997159 0.1612139908172086 0.12081484239973124 0.1559681123601298 0.18406091391007628 0.12981188279550143 0.5508777683504312 0.31483514321218214 9088.356486116289 130.77989819859445 12530.65634158223 102.10397990913627 129.82195486829696 0077
python /p/projects/dominoes/nicowun/conceptual_tipping/uniform_distribution/overshoot_study/MAIN_cluster_earth_system_complete_no_enso.py $SLURM_NTASKS 1.5053885362028396 5.502364184173651 1.5132513951315438 3.0336500658522425 3.159292302654275 0.18853317778348835 0.2185764660432012 0.6485659064014779 0.19713964776146292 0.2838653742226849 0.2639045479654086 0.14350655056602146 0.10550845608843626 0.15530916551233823 0.1290505375672551 0.1487382853723264 0.3535077401956689 14070.943764240916 115.11855401402129 4549.634838071104 56.69046187085729 56.451795010019794 0078
python /p/projects/dominoes/nicowun/conceptual_tipping/uniform_distribution/overshoot_study/MAIN_cluster_earth_system_complete_no_enso.py $SLURM_NTASKS 2.007857998947621 7.5355381038589275 1.4721683566720127 2.8289988225362888 5.444137245753655 0.16180176400388094 0.6688405158870585 0.7702228420636563 0.18838419548975494 0.18527318818294258 0.1839010726983816 0.14713351334523284 0.8616036828150527 0.12922360080019635 0.13531648372978278 0.34722612214934007 0.11901033170710035 9240.327614813348 126.5527054007908 9964.415518072918 190.04676520520718 125.85252332616358 0079
python /p/projects/dominoes/nicowun/conceptual_tipping/uniform_distribution/overshoot_study/MAIN_cluster_earth_system_complete_no_enso.py $SLURM_NTASKS 2.63654626490385 6.104985146773165 1.4968672634590916 4.308518138518075 3.7705134186515368 0.10694634215520211 0.2721957927414829 0.6910064248525645 0.18627885213666548 0.19216867997925835 0.2031856209161006 0.11804917219591465 0.8798474743274686 0.15412293069072167 0.10870006721817335 0.6257404315025454 0.2090224442178983 6738.159630656888 266.0831240470361 1158.6876771815523 55.38249341843686 158.38423492700454 0080
python /p/projects/dominoes/nicowun/conceptual_tipping/uniform_distribution/overshoot_study/MAIN_cluster_earth_system_complete_no_enso.py $SLURM_NTASKS 1.7578791016630442 5.08369471490181 2.071836956389324 5.285938076128154 3.965888542347839 0.1569540863915145 0.6292279531492881 0.707582587019915 0.14553703147590977 0.2697791273507949 0.1787615711865331 0.1119779478951501 0.22874310606611384 0.10730518278900653 0.1497666180104682 0.15443030110625028 0.32884733531078225 12870.297414811492 27.74827896437944 5271.714886675804 146.43862921068052 83.19647074257294 0081
python /p/projects/dominoes/nicowun/conceptual_tipping/uniform_distribution/overshoot_study/MAIN_cluster_earth_system_complete_no_enso.py $SLURM_NTASKS 0.9556009458086304 6.595933606331615 1.9628813853523237 4.96831814325421 4.4125613470262035 0.1913342410603455 0.25915877988070335 0.6054344396266788 0.1810064125068723 0.20111476759832103 0.48603640727740693 0.13270123965199482 0.477006859471227 0.16552548736875453 0.13785952802482032 0.8225452896453721 0.2140258307372362 6169.261737045145 220.2997464576285 3358.644378718025 32.83467885727374 153.17769457293377 0082
python /p/projects/dominoes/nicowun/conceptual_tipping/uniform_distribution/overshoot_study/MAIN_cluster_earth_system_complete_no_enso.py $SLURM_NTASKS 1.272841480522121 5.259883871640133 2.622173497195616 5.3227017899598446 4.349647138609306 0.13539872760527605 0.1547339427688599 0.9924594191057733 0.11197901226887037 0.17699944372880788 0.17028065199927084 0.14070096294699858 0.41767081069220047 0.15667086185939127 0.10700339017126517 0.29556990119509113 0.23716736966013652 2609.3664076282676 109.15680724692515 2506.1734547613996 183.58556346768884 128.05821410558138 0083
python /p/projects/dominoes/nicowun/conceptual_tipping/uniform_distribution/overshoot_study/MAIN_cluster_earth_system_complete_no_enso.py $SLURM_NTASKS 0.8315401796021927 4.012213730658538 2.1270552823939317 5.991984003445992 4.735791895961704 0.11950606532296364 0.7403219033526158 0.7187935915776889 0.11433534479448121 0.1403376839344451 0.3356299815653978 0.13835791818033624 0.12161862056843177 0.12802713520136502 0.13025236868051465 0.8093633926883171 0.2894421193376606 11834.442999923973 107.35704712812263 4343.509971535066 162.73074423164655 134.39001844197782 0084
python /p/projects/dominoes/nicowun/conceptual_tipping/uniform_distribution/overshoot_study/MAIN_cluster_earth_system_complete_no_enso.py $SLURM_NTASKS 1.8516351350452984 5.805999289838027 1.4030698897101237 3.342578064107442 5.062079839534327 0.1657537058398863 0.7611813332286574 0.5089012505013473 0.13320122276735277 0.23032070741867974 0.34814390531225325 0.14500225182996163 0.6335358121830249 0.10124218169344724 0.1091061294412888 0.82908541315138 0.27814575099583716 9647.585794036571 169.86210471127205 7252.91108106892 81.05599688291616 178.96281439478167 0085
python /p/projects/dominoes/nicowun/conceptual_tipping/uniform_distribution/overshoot_study/MAIN_cluster_earth_system_complete_no_enso.py $SLURM_NTASKS 1.5416003912750735 4.97766071678733 2.0445409628915048 5.783752556240638 4.566127016685229 0.10579474080293459 0.418395884783332 0.6756289075711147 0.19592713172684773 0.16635003395608522 0.311309271874235 0.13591703131723695 0.6878100565423052 0.14997570590390383 0.11462236780717826 0.8895383801849036 0.31655497980372027 5056.9305133713515 213.48121467463528 3384.9384605935174 187.44194777207298 90.21226604697634 0086
python /p/projects/dominoes/nicowun/conceptual_tipping/uniform_distribution/overshoot_study/MAIN_cluster_earth_system_complete_no_enso.py $SLURM_NTASKS 1.8129996977790417 3.129870433908211 2.7036335941143808 2.63767093300931 3.411219575230074 0.15358396689145473 0.13729813973604724 0.8374046872635325 0.15809006431027697 0.21508995046258106 0.4882930159722555 0.13025524858367954 0.4259957078668243 0.10624049760718371 0.1446670942828441 0.5314888766520414 0.3615501174385901 12666.646301438888 153.7324324914007 1743.70635442541 192.48737763571935 179.81160670306832 0087
python /p/projects/dominoes/nicowun/conceptual_tipping/uniform_distribution/overshoot_study/MAIN_cluster_earth_system_complete_no_enso.py $SLURM_NTASKS 2.939617117705077 2.6571355862778887 1.6934711949782881 2.9777756740226464 4.59369995851142 0.1771080662577979 0.5863482921431108 0.5665637589802841 0.12905055855638103 0.28540362510086037 0.325772735867786 0.10170746027492969 0.8195043074960505 0.18067855810003403 0.14772481411462535 0.4918753526691767 0.3594403971559833 13992.01337498799 228.66677390769988 1593.9577927194266 188.6396156334849 101.78478208556547 0088
python /p/projects/dominoes/nicowun/conceptual_tipping/uniform_distribution/overshoot_study/MAIN_cluster_earth_system_complete_no_enso.py $SLURM_NTASKS 2.054689052933912 6.27378688486359 1.3493154920456827 2.9394390075912185 3.548960367937608 0.13498833949911926 0.5029064643327629 0.1780252021638516 0.13516217676987383 0.11279578868631962 0.40602711439230377 0.11736691533274388 0.33090896980311924 0.18198289870856438 0.13075540390867504 0.5071522600409551 0.32152933966592506 14356.848094387564 102.8574343666172 8259.180251072921 73.6588186607072 173.96839217189813 0089
python /p/projects/dominoes/nicowun/conceptual_tipping/uniform_distribution/overshoot_study/MAIN_cluster_earth_system_complete_no_enso.py $SLURM_NTASKS 1.1897970814327545 5.8757683572572486 1.1285735358160947 5.589726811832464 3.07240467723226 0.12180342537907385 0.43216962426538164 0.35129688568772344 0.15053567934455148 0.29017039930878097 0.22740387233475934 0.10895705768320893 0.6104776400186932 0.17058419031711136 0.11357112344683186 0.6113416233567467 0.3271544693473009 8449.820842412604 149.73342095417905 1406.1675440305135 128.97439026190415 166.7999368296162 0090
python /p/projects/dominoes/nicowun/conceptual_tipping/uniform_distribution/overshoot_study/MAIN_cluster_earth_system_complete_no_enso.py $SLURM_NTASKS 1.3769235049414736 4.846511964828569 1.823357402857026 2.0265037174008236 3.3241513907418088 0.11226697685616385 0.71167008214487 0.8867534383556651 0.14774362876556807 0.1280448987866562 0.2335884285656678 0.13401608540927573 0.4026910609703742 0.13777092209298383 0.1177123987464268 0.8519832039693161 0.3706510233885092 1723.7555382203504 182.36243475643397 6715.639829459573 137.68279002851546 62.41511302875823 0091
python /p/projects/dominoes/nicowun/conceptual_tipping/uniform_distribution/overshoot_study/MAIN_cluster_earth_system_complete_no_enso.py $SLURM_NTASKS 1.9001449299567739 7.7277039639686365 1.5525494039414731 5.62607968574122 4.915078381895789 0.1807722552642484 0.7389716541886688 0.7223206161981963 0.1137689536284309 0.13475130504636124 0.38958665405529824 0.13918631646299953 0.23633927231322913 0.18536157229814051 0.13837394209351328 0.7670267017264828 0.3946272370591748 2150.0485224627114 270.31425324222516 7142.711594580592 77.99929765435077 123.41648203933245 0092
python /p/projects/dominoes/nicowun/conceptual_tipping/uniform_distribution/overshoot_study/MAIN_cluster_earth_system_complete_no_enso.py $SLURM_NTASKS 2.204935362256056 7.597576457156821 2.6711947396542404 3.6419414110357167 4.17111319968134 0.14088588718285364 0.20060211865035324 0.7982743489918703 0.10577173491965529 0.25188173498118965 0.22379761958604452 0.12382356952908065 0.304618560244466 0.10460422545318207 0.1258558853117417 0.6953952941130073 0.23814625388031455 8091.586823348262 273.02012760872424 3144.3901391253644 198.18365386516493 86.09851208562802 0093
python /p/projects/dominoes/nicowun/conceptual_tipping/uniform_distribution/overshoot_study/MAIN_cluster_earth_system_complete_no_enso.py $SLURM_NTASKS 1.9613771039042474 7.607751801988584 2.88900734356491 4.782651773882426 3.2598683957939816 0.12306459761846794 0.2111065585558397 0.6511782696148607 0.17401765597214408 0.16911948738447247 0.30465424407256936 0.11460303602815712 0.6297550655413418 0.10560351711674017 0.12054356027286933 0.7306333583110616 0.28097790972997017 5834.220360333571 201.91636210877377 9186.393164627285 70.40999073895944 78.53239303683563 0094
python /p/projects/dominoes/nicowun/conceptual_tipping/uniform_distribution/overshoot_study/MAIN_cluster_earth_system_complete_no_enso.py $SLURM_NTASKS 1.2276462774645236 3.3492809014021176 1.3809526474188125 5.75923377308788 3.010358908943466 0.1450317165522107 0.7942065235816415 0.10754869181419774 0.12739278094819828 0.24960314371823933 0.19233062978539917 0.13716399030345186 0.5519695143953546 0.17845941003498056 0.10989500872472516 0.72265585374902 0.2833343254130801 4696.116046659671 133.7734698660891 11358.490298124374 51.58219483909488 63.927514270012054 0095
python /p/projects/dominoes/nicowun/conceptual_tipping/uniform_distribution/overshoot_study/MAIN_cluster_earth_system_complete_no_enso.py $SLURM_NTASKS 2.8868002765613188 5.916254200025371 2.4761338678122877 2.8628685201789144 3.9028785490315467 0.13904897198290622 0.9330687323084239 0.4604861833207715 0.12480662852943786 0.18066033824111555 0.21636241886216812 0.12589253634771105 0.5331712301538981 0.147245936115986 0.13372639601801942 0.3652130552109093 0.3681883300136106 13530.826598515023 75.71806955053613 1975.5942945603797 125.45829007017831 194.65916692244429 0096
python /p/projects/dominoes/nicowun/conceptual_tipping/uniform_distribution/overshoot_study/MAIN_cluster_earth_system_complete_no_enso.py $SLURM_NTASKS 1.6044128797276684 2.8274952755738845 1.5701518587668537 2.423164169553994 4.656741253639513 0.16339346428305956 0.6523419873055077 0.20062454465636015 0.10438539249109172 0.23265621436082642 0.24165672160385773 0.1069695762413107 0.9003199560374763 0.15346973418965848 0.11500374824521555 0.4484093735698379 0.1867554099229525 10659.327241414301 229.38326894373105 11807.557709124729 50.24722776266762 161.7163166102507 0097
python /p/projects/dominoes/nicowun/conceptual_tipping/uniform_distribution/overshoot_study/MAIN_cluster_earth_system_complete_no_enso.py $SLURM_NTASKS 2.1085539015989347 1.4947587525427968 2.406046151087942 3.5530403058244913 5.37773131600405 0.19676909133012643 0.966279839810762 0.9505477633441246 0.12129102367972332 0.24512056826384385 0.3306710744744574 0.14010691612040493 0.11213136173258653 0.11591955403913261 0.11694124018597582 0.16901475802513338 0.3769824133083357 11228.18660540968 178.27980121317805 2362.8824437334515 59.823770004798725 115.08441717737546 0098
python /p/projects/dominoes/nicowun/conceptual_tipping/uniform_distribution/overshoot_study/MAIN_cluster_earth_system_complete_no_enso.py $SLURM_NTASKS 0.8451485300727355 6.954908706086238 2.7541616548054972 5.12923512097775 4.031849117513919 0.12044247597466146 0.8297385254986199 0.6306413024291091 0.16115075074426244 0.125233991633061 0.38621843447988247 0.13889173072011363 0.2816929849380546 0.13590374491339607 0.13348208470042439 0.1403179515650196 0.12507693814240828 8239.509524179897 232.24472957409026 2703.6664084220806 177.60179581871208 159.71462390019462 0099
